##### Downsampled Histogram (Score) #####
 param|          2|          3|          4|          5|          6
------+-----------+-----------+-----------+-----------+-----------
  best| 4.3084e+01| 5.7256e+01| 2.2788e+01| 4.4481e+01| 4.9781e+01
 worst| 2.1022e-01| 2.9473e-01| 2.7322e-01| 2.7300e-01| 2.4108e-01
median| 4.4641e+00| 7.7973e+00| 4.0980e+00| 6.6191e+00| 6.0888e+00

##### Concentric Histogram (Score) #####
 param|          1|          2|          3|          4|          5
------+-----------+-----------+-----------+-----------+-----------
  best| 1.5864e+04| 8.7551e+01| 7.9483e+01| 3.0567e+01| 4.9212e+01
 worst| 7.5452e+00| 4.5017e-01| 3.2763e-01| 3.5524e-01| 2.6921e-01
median| 9.2580e+02| 7.7870e+00| 8.7272e+00| 3.9011e+00| 4.7433e+00

##### Chess Histogram (Score) #####
 param|          1|          2|          3|          4|          5
------+-----------+-----------+-----------+-----------+-----------
  best| 6.2469e+01| 9.8772e+01| 7.1345e+01| 7.0877e+01| 7.6466e+01
 worst| 4.2247e-01| 3.6465e-01| 5.2553e-01| 4.5183e-01| 2.1241e-01
median| 6.6176e+00| 1.2352e+01| 1.2997e+01| 9.5251e+00| 8.9703e+00

##### Masked Histogram (Score) #####
 param|          0|          1|          2
------+-----------+-----------+-----------
  best| 3.6140e-01| 2.0380e-01| 1.5684e-01
 worst| 9.9885e-04| 1.2174e-03| 9.1081e-04
median| 1.8096e-02| 2.9592e-02| 1.3979e-02

##### Random Sampling (Score) #####
 param|         70|         50|         40|         30|         20|         10
------+-----------+-----------+-----------+-----------+-----------+-----------
  best| 2.6365e+01| 4.1306e+01| 4.3828e+01| 2.8934e+01| 4.4579e+01| 4.1666e+01
 worst| 2.3564e-01| 2.2990e-01| 2.2426e-01| 2.3428e-01| 2.2604e-01| 2.4673e-01
median| 5.2950e+00| 6.1234e+00| 6.2619e+00| 5.6951e+00| 5.8313e+00| 6.0780e+00

##### Nearest Neighbour (Score) #####
 param|         70|         50|         40|         30|         20|         10
------+-----------+-----------+-----------+-----------+-----------+-----------
  best| 7.1305e+01| 9.3524e+01| 7.2664e+01| 7.8885e+01| 7.4736e+01| 6.3538e+01
 worst| 8.0938e-01| 4.5421e-01| 4.3318e-01| 3.4354e-01| 3.0183e-01| 2.5807e-01
median| 1.3478e+01| 1.0561e+01| 1.1473e+01| 9.8180e+00| 8.2124e+00| 7.1705e+00

##### Random Areas (Score) #####
   v param2|  param1 ->|         70|         50|         40|         30|         20|         10
-----------+-----------+-----------+-----------+-----------+-----------+-----------+-----------
           |       best| 1.6819e-02| 2.3928e-02| 2.9232e-02| 3.9481e-02| 5.7502e-02| 1.0637e-01
          3|      worst| 8.5513e-05| 1.2005e-04| 1.5056e-04| 1.9993e-04| 3.0080e-04| 5.9896e-04
           |     median| 1.9860e-03| 3.0115e-03| 3.7770e-03| 4.9744e-03| 7.5825e-03| 1.5160e-02
-----------+-----------+-----------+-----------+-----------+-----------+-----------+-----------
           |       best| 1.3079e-02| 1.8433e-02| 2.2791e-02| 3.1942e-02| 4.5950e-02| 8.9129e-02
          5|      worst| 6.0606e-05| 8.4940e-05| 1.0604e-04| 1.4125e-04| 2.1339e-04| 4.3490e-04
           |     median| 1.5392e-03| 2.2794e-03| 2.8367e-03| 3.7810e-03| 5.7208e-03| 1.1203e-02
-----------+-----------+-----------+-----------+-----------+-----------+-----------+-----------
           |       best| 1.1946e-02| 1.6777e-02| 2.1079e-02| 2.8475e-02| 4.2344e-02| 8.4801e-02
          7|      worst| 6.8438e-05| 9.6046e-05| 1.2004e-04| 1.6103e-04| 2.3508e-04| 4.9569e-04
           |     median| 1.4263e-03| 2.1114e-03| 2.6470e-03| 3.5347e-03| 5.3080e-03| 1.0665e-02
-----------+-----------+-----------+-----------+-----------+-----------+-----------+-----------
           |       best| 1.1605e-02| 1.6473e-02| 2.0193e-02| 2.8233e-02| 3.9973e-02| 7.5248e-02
          9|      worst| 6.1235e-05| 8.5768e-05| 1.0794e-04| 1.4377e-04| 2.1802e-04| 4.3489e-04
           |     median| 1.3342e-03| 1.9358e-03| 2.4004e-03| 3.2112e-03| 4.8036e-03| 9.6055e-03

##### Cross Histrogram (Score) #####
   v param2|  param1 ->|         40|         60|         80|        100|        120
-----------+-----------+-----------+-----------+-----------+-----------+-----------
           |       best| 4.0818e+00| 2.0539e+00| 1.1082e+00| 1.4630e+00| 2.2244e+00
          0|      worst| 4.5593e-04| 5.7870e-04| 7.6872e-04| 1.0583e-03| 1.5824e-03
           |     median| 8.5570e-02| 9.4974e-02| 8.9246e-02| 9.2193e-02| 9.9452e-02
-----------+-----------+-----------+-----------+-----------+-----------+-----------
           |       best| 3.7113e+01| 5.5362e+01| 6.5599e+01| 7.3518e+01| 7.6777e+01
        100|      worst| 2.4542e-01| 2.4377e-01| 2.5729e-01| 2.6136e-01| 2.6753e-01
           |     median| 3.6411e+00| 3.7809e+00| 3.9323e+00| 4.6830e+00| 4.7677e+00
-----------+-----------+-----------+-----------+-----------+-----------+-----------
           |       best| 2.1538e+01| 2.3130e+01| 3.0154e+01| 3.5055e+01| 3.7933e+01
        400|      worst| 1.4427e-01| 1.5288e-01| 1.6416e-01| 1.3729e-01| 1.6625e-01
           |     median| 2.2676e+00| 2.0986e+00| 2.7217e+00| 3.0935e+00| 3.7358e+00
-----------+-----------+-----------+-----------+-----------+-----------+-----------
           |       best| 2.1538e+01| 2.3130e+01| 2.4639e+01| 2.5292e+01| 2.6272e+01
        800|      worst| 5.1011e-02| 6.1880e-02| 7.4114e-02| 9.0292e-02| 1.0932e-01
           |     median| 1.7617e+00| 1.8693e+00| 2.5913e+00| 2.8036e+00| 3.2735e+00
-----------+-----------+-----------+-----------+-----------+-----------+-----------
           |       best| 1.1915e+01| 1.3750e+01| 1.5239e+01| 1.8307e+01| 2.0803e+01
       1600|      worst| 5.1011e-02| 6.1880e-02| 7.4114e-02| 9.0292e-02| 1.0932e-01
           |     median| 1.0402e+00| 1.2765e+00| 1.5525e+00| 1.8279e+00| 2.0070e+00
